image_width: 640
image_height: 480
camera_name: narrow_stereo
camera_matrix:
  rows: 3
  cols: 3
  data: [638.6774 ,   0.     , 302.08132,
           0.     , 639.43904, 236.54308,
           0.     ,   0.     ,   1.     ]
distortion_model: plumb_bob
distortion_coefficients:
  rows: 1
  cols: 5
  data: [0.047668, -0.167989, -0.000505, -0.004240, 0.000000]
rectification_matrix:
  rows: 3
  cols: 3
  data: [1., 0., 0.,
         0., 1., 0.,
         0., 0., 1.]
projection_matrix:
  rows: 3
  cols: 4
  data: [637.86206,   0.     , 299.20765,   0.     ,
           0.     , 641.2146 , 235.88417,   0.     ,
           0.     ,   0.     ,   1.     ,   0.     ]
